smiles,y
NC(=[NH2])c1cccc(c1)n1c(cc(n1)C)C(=O)Nc1c(cc(cc1)c1c(cccc1)S(=O)(=O)N)F,1
NC(=[NH2])c1cccc(c1)n1c(cc(n1)C(F)(F)F)C(=O)Nc1ccc(cc1F)c1c(cccc1)S(=O)(=O)C,1
NC(=[NH2])c1cccc(c1)n1c(cc(n1)C)C(=O)Nc1ncc(cc1)c1c(cccc1)S(=O)(=O)N,1
NC(=[NH2])c1cccc(c1)n1c(cc(n1)C)C(=O)Nc1ccc(cc1)c1c(cccc1)S(=O)(=O)C,1
NC(=[NH2])c1cccc(c1)n1c(cc(n1)C(F)(F)F)C(=O)Nc1ccc(cc1)c1c(cccc1)S(=O)(=O)C,1
NC(=[NH2])c1cccc(c1)n1c(cc(n1)C)C(=O)Nc1c(cc(cc1)c1c(cccc1)S(=O)(=O)N)Cl,1
NC(=[NH2])c1cccc(c1)n1c(cc(n1)C)C(=O)Nc1c(cc(cc1)c1c(cccc1)S(=O)(=O)N)Br,1
NC(=[NH2])c1cccc(c1)n1c(cc(n1)C(F)(F)F)C(=O)Nc1ncc(cn1)c1c(cccc1)S(=O)(=O)N,1
NC(=[NH2])c1cccc(c1)n1c(cc(n1)C(F)(F)F)C(=O)Nc1ccc(cc1)c1c(cccc1)S(=O)(=O)N,1
NC(=[NH2])c1cccc(c1)n1c(cc(n1)C)C(=O)Nc1c(cc(cc1)c1c(cccc1)S(=O)(=O)C)F,1
NC(=[NH2])c1ccc2ccc(cc2c1)Cn1c2cc(ccc2nc1C(C)C)OC1CCN(CC1)C(=N)C,1
NC(=[NH2])c1cccc(c1)n1c(nnn1)C(=O)Nc1ccc(cc1)c1c(cccc1)S(=O)(=O)N,1
NC(=[NH2])c1cccc(c1)n1c(cc(n1)C)C(=O)Nc1ccc(cc1)c1c(cccc1)C(F)(F)F,1
NC(=[NH2])c1cccc(c1)n1c(cc(n1)C)C(=O)Nc1ncc(cn1)c1c(cccc1)S(=O)(=O)N,1
NC(=[NH2])c1cccc(c1)c1c(sc(n1)C)C(=O)Nc1ccc(cc1)c1c(cccc1)S(=O)(=O)N,1
NC(=[NH2])c1cccc(c1)n1c(cc(n1)CCCC)C(=O)Nc1ccc(cc1)c1c(cccc1)S(=O)(=O)N,1
NC(=[NH2])c1cc(ccc1)/C=C(C)/CNc1cc(c(cc1)OC1CCN(CC1)C(=N)C)[N+](=O)[O-],1
NC(=[NH2])c1ccc2ccc(cc2c1)CNc1cc(c(cc1)OC1CCN(CC1)C(=N)C)[N+](=O)[O-],1
NC(=[NH2])c1ccc2ccc(cc2c1)Cn1c2cc(ccc2nc1CC)OC1CCN(CC1)C(=N)C,1
NC(=[NH2])c1cccc(c1)c1c(con1)C(=O)Nc1ccc(cc1)c1c(cccc1)S(=O)(=O)C,1
NC(=[NH2])c1ccc(c(c1)/C=C/Cn1c2cc(ccc2nc1CC)OC1CCN(CC1)C(=N)C)O,1
NC(=[NH2])c1cc(c(cc1)O)/C=C/CNc1cc(c(cc1)OC1CCN(CC1)C(=N)C)C(F)(F)F,1
NC(=[NH2])c1cc(c(cc1)O)/C=C/CN(C(=O)CCC(=O)O)c1cc(c(cc1)OC1CCN(CC1)C(=N)C)C(F)(F)F,1
NC(=[NH2])c1ccc(c(c1)Oc1c(c(c(c(n1)Oc1cc(ccc1)C=1N(CCN1)C)F)Oc1cccc(c1)C(=O)O)F)O,1
NC(=[NH2])c1ccc(c(c1)Oc1nc(c(c(c1F)N(C)CC(=O)O)F)Oc1cccc(c1)C=1N(CCN1)C)O,1
NC(=[NH2])c1ccc2ccc(cc2c1)Cn1c2cc(ccc2nc1C(C)CC)OC1CCN(CC1)C(=N)C,1
NC(=[NH2])c1ccc(c(c1)Oc1c(c(c(c(n1)Oc1cc(ccc1)C=1N(CCN1)C)F)Oc1cc(cc(c1)C(=O)O)C(=O)O)F)O,1
NC(=[NH2])c1ccc(c(c1)Oc1c(c(c(c(n1)Oc1cc(ccc1)C=1N(CCN1)C)F)Oc1ccc(cc1OC)CC(=O)O)F)O,1
NC(=[NH2])c1ccc(c(c1)Oc1c(c(c(c(n1)Oc1cc(ccc1)C=1N(CCN1)C)F)Oc1ccc(cc1)C=CC(=O)O)F)O,1
NC(=[NH2])c1cccc(c1)n1c(ccn1)C(=O)Nc1ccc(cc1)c1c(cccc1)S(=O)(=O)N,1
NC(=[NH2])c1cc(ccc1)c1cc(ccc1)CNc1cc(c(cc1)OC1CCN(CC1)C(=N)C)[N+](=O)[O-],1
NC(=[NH2])c1ccc(c(c1)Oc1c(c(c(c(n1)Oc1cc(ccc1)NC(=[NH2])N)F)Oc1c(cc(cc1OC)C(=O)O)OC)F)O,1
NC(=[NH2])c1ccc(c(c1)Oc1c(c(c(c(n1)Oc1cc(ccc1)C=1N(CCN1)C)F)Oc1cccc(c1)CCC(=O)O)F)O,1
C1C(CCN(C1)C(=N)C)Oc1cc2n(c(cc2cc1)C(=O)OC)Cc1cc2cc(ccc2cc1)C(=[NH2])N,1
NC(=[NH2])c1cccc(c1)c1c(cn(n1)C)C(=O)Nc1ccc(cc1)c1c(cccc1)S(=O)(=O)N,1
NC(=[NH2])c1ccc(c(c1)Oc1c(c(c(c(n1)Oc1cc(ccc1)C=1N(CCN1)C)F)Oc1cc(cc(c1OC)OC)C(=O)O)F)O,1
NC(=[NH2])c1ccc(c(c1)Oc1c(c(c(c(n1)Oc1cc(ccc1)C=1N(CCN1)C)F)Oc1ccc(cc1Cl)C(=O)NS(=O)(=O)C)F)O,1
NC(=[NH2])c1ccc(c(c1)Oc1c(c(c(c(n1)Oc1cc(ccc1)C=1N(CCN1)C)F)Oc1c(cc(cc1C)C(=O)O)C)F)O,1
NC(=[NH2])c1ccc2ccc(cc2c1)Cn1c2cc(ccc2nc1C)OC1CCN(CC1)C(=N)C,1
NC(=[NH2])c1cc(ccc1)/C=C/CNc1cc(c(cc1)OC1CCN(CC1)C(=N)C)[N+](=O)[O-],1
NC(=[NH2])c1cc(ccc1)/C=C/CN(C(=O)CCC(=O)O)c1cc(c(cc1)OC1CCN(CC1)C(=N)C)C(F)(F)F,1
NC(=[NH2])c1cccc(c1)n1c(nc(c1)C)C(=O)Nc1ccc(cc1)c1c(cccc1)S(=O)(=O)N,1
NC(=[NH2])c1cc2c(c[nH]c2cc1)CC(=O)Nc1ccc(cc1Br)c1c(cccc1)S(=O)(=O)N,1
NC(=[NH2])c1cccc(c1)n1c(ncc1)C(=O)Nc1ccc(cc1)c1c(cccc1)S(=O)(=O)N,1
NC(=[NH2])c1cc(c(cc1)O)/C=C/CN(C(=O)CCC(=O)O)c1cc(c(cc1)OC1CCN(CC1)CC(=O)O)C(F)(F)F,1
NC(=[NH2])c1ccc(c(c1)Oc1c(c(c(c(n1)Oc1cc(ccc1)C=1N(CCN1)C)F)Oc1cc(ccc1OC)NS(=O)(=O)C(F)(F)F)F)O,1
NC(=[NH2])c1cccc(c1)/C=C/Cn1c2ccc(cc2nc1CC)OC1CCN(CC1)C(=N)C,1
NC(=[NH2])c1cccc(c1)C[C@@H](C(=O)OC)[C@@H](CC(C)C)NC(=O)c1ccc(cc1)c1cccc(c1)CN,1
NC(=[NH2])c1ccc(c(c1)Oc1c(c(c(c(n1)Oc1cc(ccc1)C=1N(CCN1)C)F)Oc1cc(cc(c1)C(=O)O)C(=O)OCC)F)O,1
NC(=[NH2])c1ccc(c(c1)Oc1nc(nc2c1nc(C)n2Cc1ccccc1)Oc1cccc(c1)C(=O)N(C)C)O,1
NC(=[NH2])c1ccc2ccc(cc2c1)Cn1c2cc(ccc2nc1C)N(CC(=O)N)C1CCN(CC1)C(=N)C,1
NC(=[NH2])c1cccc(c1)n1c(cc(n1)C)C(=O)Nc1ccc(cc1)c1c(cccc1)F,1
NC(=[NH2])c1cccc(c1)c1c(c(on1)CO)C(=O)Nc1ccc(cc1)c1c(cccc1)S(=O)(=O)N,1
NC(=[NH2])c1cccc(c1)C[C@@H](C(=O)OC)[C@@H](C)NC(=O)c1ccc(cc1)c1cccc(c1)C(=O)N,1
NC(=[NH2])c1cccc(c1)C[C@@H](C(=O)OC)[C@@H](C)NC(=O)c1ccc(cc1)c1ccncc1,1
NC(=[NH2])c1ccc(c(c1)Oc1c(c(c(c(n1)Oc1cc(ccc1)C=1N(CCN1)C)F)Oc1cc(cc(c1)C(=O)N)C(=O)OCC)F)O,1
NC(=[NH2])c1cccc(c1)C=1[C@H]([C@H](ON1)COC)C(=O)Nc1ccc(cc1)c1c(cccc1)S(=O)(=O)N,1
NC(=[NH2])c1cc(ccc1)/C=C/CN(C(=O)CCC(=O)OCC)c1cc(c(cc1)OC1CCN(CC1)C(=N)C)C(F)(F)F,1
NC(=[NH2])c1cc(ccc1)/C=C/CN(C(=O)c1ccc(c(c1)C(=O)O)C(=O)O)c1cc(c(cc1)OC1CCN(CC1)C(=N)C)C(F)(F)F,1
NC(=[NH2])c1ccc(c(c1)Oc1c(c(c(c(n1)Oc1cc(ccc1)C=1N(CCN1)C)F)Oc1cc(ccc1OC)C(=O)OCC)F)O,1
NC(=[NH2])c1ccc(c(c1)Oc1c(c(c(c(n1)Oc1cc(ccc1)C=1N(CCN1)C)F)Oc1ccccc1OC)F)O,1
NC(=[NH2])c1cccc(c1)C[C@@H](C(=O)OC)[C@@H](C)NC(=O)c1ccc(cc1)c1cccc[n+]1[O-],1
NC(=[NH2])c1cc(c(cc1)O)/C=C/CNc1cc(c(cc1)OC1CCN(CC1)C)C(F)(F)F,1
NC(=[NH2])c1ccc(c(c1)Oc1c(c(c(c(n1)Oc1cc(ccc1)C=1N(CCN1)C)F)Oc1c(cc(cc1OC)C=CC(=O)O)OC)F)O,1
C1C(CCN(C1)C(=N)C)Oc1cc2n(c(cc2cc1)C(=O)OCC)Cc1cc2cc(ccc2cc1)C(=[NH2])N,1
NC(=[NH2])c1cc2c(c[nH]c2cc1)CC(=O)Nc1ccc(cc1I)c1c(cccc1)S(=O)(=O)N,1
NC(=[NH2])c1cccc(c1)c1c(c(on1)COC)C(=O)Nc1ccc(cc1)c1c(cccc1)S(=O)(=O)N,1
NC(=[NH2])c1ccc(c(c1)Oc1c(c(c(c(n1)Oc1cc(ccc1)C(=O)N(C)C)F)Oc1ccc(cc1OC)C(=O)O)F)O,1
NC(=[NH2])c1ccc(c(c1)Oc1c(c(c(c(n1)Oc1cc(ccc1)C=1N(CCN1)C)F)Oc1cc(ccc1OCCN(C)C)C(=O)O)F)O,1
NC(=[NH2])c1ccc(c(c1)Oc1c(c(c(c(n1)Oc1cc(ccc1)C=1N(CCN1)C)F)Oc1ccc(cc1Cl)C(=O)NS(=O)(=O)c1ccccc1)F)O,1
NC(=[NH2])c1cc2c(c[nH]c2cc1)CC(=O)Nc1ccc(cc1Cl)c1c(cccc1)S(=O)(=O)N,1
NC(=[NH2])c1cccc(c1)C[C@@H](C(=O)OC)[C@@H](CC)NC(=O)c1ccc(cc1)c1cccc(c1)CN,1
NC(=[NH2])c1ccc(c(c1)CN1CC[C@H](C1=O)NS(=O)(=O)c1cc2ncccc2s1)O,1
NC(=[NH2])c1cccc(c1)c1c(c(on1)COC)C(=O)Nc1ccc(cn1)c1c(cccc1)S(=O)(=O)N,1
NC(=[NH2])c1ccc(c(c1)/C=C/CNC(=O)c1ccc(cc1)c1ccnc(c1)C(=O)N)O,1
NC(=[NH2])c1cccc(c1)C[C@@H](C(=O)OC)[C@@H](C)NC(=O)c1ccc(cc1)c1ccc[n+](c1)C,1
NC(=[NH2])c1cccc(c1)n1c(ccc1)C(=O)Nc1ccc(cc1)c1c(cccc1)S(=O)(=O)N,1
NC(=[NH2])c1cc(ccc1)/C=C/CNc1cc(c(cc1)OC1CCN(CC1)C(=N)C)C(F)(F)F,1
NC(=[NH2])c1cccc(c1)C[C@@H](C(=O)OC)[C@@H](C)NC(=O)c1ccc(cc1)c1cccc(c1)CN,1
NC(=[NH2])c1cc2c(c[nH]c2cc1)CC(=O)Nc1ccc(cn1)c1c(cccc1)S(=O)(=O)N,1
NC(=[NH2])c1ccc(c(c1)Oc1c(c(c(c(n1)Oc1cc(ccc1)C=1N(CCN1)C)F)Oc1cccc(c1)C=1N(CCN1)C)F)O,1
NC(=[NH2])c1cccc(c1)C=1CC(ON1)(CC(=O)OC)C(=O)Nc1ccc(cn1)c1ccccc1S(=O)(=O)N,1
NC(=[NH2])c1ccc(c(c1)Oc1c(c(c(c(n1)Oc1cc(ccc1)C=1N(CCN1)C)F)Oc1ccccc1Cl)F)O,1
NC(=[NH2])c1ccc2ccc(cc2c1)Cn1c2cc(ccc2nc1CCC(=O)N)OC1CCN(CC1)C(=N)C,1
NC(=[NH2])c1cccc(c1)c1c(cccn1)C(=O)Nc1ccc(cc1)c1c(cccc1)S(=O)(=O)N,1
NC(=[NH2])c1cccc(c1)C[C@@H](C(=O)OC)[C@@H](C)NC(=O)c1ccc(cc1)c1cccc(c1)CN(C)C,1
NC(=[NH2])c1ccc(c(c1)Oc1c(c(c(c(n1)Oc1cc(ccc1)C=1N(CCN1)C)F)Oc1cc(cc(c1OC)OC)C(=O)OCC)F)O,1
NC(=[NH2])c1ccc2ccc(cc2c1)Cn1c2cc(ccc2nc1C)N(CC(C)C(=O)OC)C1CCN(CC1)C(=N)C,1
NC(=[NH2])c1ccc(c(c1)Oc1c(c(c(c(n1)Oc1cc(ccc1)C=1N(CCN1)C)F)Oc1cccc(c1)CCC(=O)OCC)F)O,1
NC(=[NH2])c1cccc(c1)C[C@@H](C(=O)OC)[C@@H](C)NC(=O)c1ccc(cc1)c1cccc[n+]1C,1
NC(=[NH2])c1ccc2ccc(cc2c1)Cn1c2cc(ccc2nc1CCC(=O)O)OC1CCN(CC1)C(=N)C,1
NC(=[NH2])c1ccc2ccc(cc2c1)CN(S(=O)(=O)CC(=O)O)c1ccc(cc1)OC1CCN(CC1)C(=N)C,1
NC(=[NH2])c1cccc(c1)C=1CC(ON1)(Cn1nnnc1)C(=O)Nc1ncc(cn1)c1ccccc1S(=O)(=O)N,1
NC(=[NH2])c1cccc(c1)/C=C(C)/Cn1c2cc(ccc2nc1CC)OC1CCN(CC1)C(=N)C,1
NC(=[NH2])c1ccc(cc1)CN1C(CN(CC1)S(=O)(=O)c1cc2ccc(cc2s1)Cl)=O,1
NC(=[NH2])c1cccc(c1)N(CC(=O)OC)CCCc1ccc(cc1)c1c(cccc1)S(=O)(=O)N,1
NC(=[NH2])c1ccc(c(c1)Oc1c(c(c(c(n1)Oc1cc(ccc1)C=1N(CCN1)C)F)Oc1cccc(c1)C=CC(=O)OC)F)O,1
NC(=[NH2])c1ccc(c(c1)CN1CC[C@H](C1=O)NS(=O)(=O)c1cc2nc(ccc2s1)Cl)O,1
C1C(CCN(C1)C(=N)C)Oc1cc2n(c3c(c2cc1)cccc3)Cc1cc2cc(ccc2cc1)C(=[NH2])N,1
NC(=[NH2])c1cccc(c1)C=1CC(ON1)(Cn1nnnc1)C(=O)Nc1ccc(cc1)c1ccccc1S(=O)(=O)N,1
NC(=[NH2])c1ccc(c(c1)Oc1c(c(c(c(n1)Oc1cc(ccc1)C=1N(CCN1)C)F)Oc1ccc(cc1)C(=O)OCC)F)O,1
NC(=[NH2])c1ccc(c(c1)Oc1c(c(c(c(n1)Oc1cc(ccc1)C=1N(CCN1)C)F)Oc1c(cc(cc1OC)C(=O)OCC)OC)F)O,1
NC(=[NH2])c1cccc(c1)C=1CC(ON1)(CS(=O)(=O)CC)C(=O)Nc1ccc(cn1)c1ccccc1S(=O)(=O)N,1
NC(=[NH2])c1cccc(c1)C=1[C@H]([C@H](ON1)C)C(=O)Nc1ccc(cc1)c1c(cccc1)S(=O)(=O)N,1
NC(=[NH2])c1cccc(c1)[C@@H]1[C@H](CN(O1)Cc1ccc(cc1)c1c(cccc1)S(=O)(=O)N)C(=O)OC(C)C,1
NC(=[NH2])c1ccc(c(c1)Oc1nc(c(c(c1F)C)F)Oc1cc(ccc1)C(=O)N(C)C)O,1
NC(=[NH2])c1ccc(c(c1)/C=C/CNC(=O)c1ccc(cc1)c1ccccc1S(=O)(=O)N)O,1
NC(=[NH2])c1cccc(c1)C[C@@H](C(=O)OC)[C@@H](C)NC(=O)c1ccc(cc1)c1ccc[n+](c1)[O-],1
NC(=[NH2])c1ccc(c(c1)CN1CC[C@H](C1=O)NS(=O)(=O)c1cc2ccncc2s1)O,1
NC(=[NH2])c1ccc(c(c1)CN1CC[C@H](C1=O)NS(=O)(=O)c1cc2c(nccc2s1)Cl)O,1
NC(=[NH2])c1ccc(c(c1)CN1CC[C@H](C1=O)NS(=O)(=O)c1ccc(s1)c1cccnc1)O,1
NC(=[NH2])c1cc2c(c[nH]c2cc1)CC(=O)Nc1ccc(cc1)c1c(cccc1)S(=O)(=O)N,1
NC(=[NH2])c1cccc(c1)C(=O)Nc1c(cc(cc1)C(=O)O)NC(=O)c1ccc(cc1)C(C)(C)C,1
NC(=[NH2])c1cccc(c1)N(CC(=O)OC(C)C)CCOc1ccc(cc1)c1c(cccc1)S(=O)(=O)N,1
NC(=[NH2])c1cc2c(c[nH]c2cc1)CC(=O)Nc1ccc(cc1C)c1c(cccc1)S(=O)(=O)N,1
NC(=[NH2])c1cccc(c1)C=1[C@H]([C@H](ON1)Cn1nnnc1)C(=O)Nc1ccc(cc1)c1c(cccc1)S(=O)(=O)N,1
NC(=[NH2])c1cccc(c1)c1c([nH]c([nH]1)=O)C(=O)Nc1ccc(cc1)c1c(cccc1)S(=O)(=O)N,1
NC(=[NH2])c1ccc(c(c1)Oc1c(c(c(c(n1)Oc1cc(ccc1)C=1N(CCN1)C)F)Oc1cccc(c1)C=CC(=O)OCC)F)O,1
NC(=[NH2])c1cc2n(cnc2cc1)CC(=O)Nc1ccc(cc1)c1c(cccc1)S(=O)(=O)N,1
NC(=[NH2])c1ccc(c(c1)Oc1nc(cc(c1)C(=O)O)Oc1cc(ccc1)C=1N(CCN1)C)O,1
NC(=[NH2])c1cccc(c1)C=1CC(ON1)(COC)C(=O)Nc1ccc(cn1)c1ccccc1S(=O)(=O)N,1
NC(=[NH2])c1cccc(c1)c1c(nco1)C(=O)Nc1ccc(cc1)c1c(cccc1)S(=O)(=O)N,1
NC(=[NH2])c1ccc2ccc(cc2c1)Cn1c2ccc(cc2nc1CCCC)OC1CCN(CC1)C(=N)C,1
NC(=[NH2])c1cccc(c1)C=1CC(ON1)(COCCC)C(=O)Nc1ccc(cc1)c1ccccc1S(=O)(=O)N,1
NC(=[NH2])c1cccc(c1)C(=O)Nc1c(cc(cc1)OCC(=O)O)NC(=O)c1ccc(cc1)C(C)C,1
NC(=[NH2])c1ccc2ccc(cc2c1)Cn1c2cc(ccc2nc1C)N(CC(C)C(=O)O)C1CCN(CC1)C(=N)C,1
NC(=[NH2])c1ccc(c(c1)CN1CC[C@H](C1=O)NS(=O)(=O)c1ccc2ccc(cc2c1)OC)O,1
NC(=[NH2])c1ccc(c(c1)CN1CC[C@H](C1=O)NS(=O)(=O)c1ccc(s1)c1ccon1)O,1
NC(=[NH2])c1ccc(c(c1)Oc1nc(c(c(c1F)C)F)Oc1cc(ccc1)N(C)C)O,1
NC(=[NH2])c1ccc(c(c1)OCCNC(=O)c1ccc(cc1)C(=O)N1CCCC1)CC(=O)C(=O)O,1
NC(=[NH2])c1cc2c(c[nH]c2cc1)CC(=O)Nc1ccc(cc1F)c1c(cccc1)S(=O)(=O)N,1
NC(=[NH2])c1cc2n(ncc2cc1)CC(=O)Nc1ccc(cn1)c1c(cccc1)S(=O)(=O)N,1
NC(=[NH2])c1cccc(c1)[C@@H]1[C@H](CN(O1)Cc1ccc(cc1)c1c(cccc1)S(=O)(=O)N)C(=O)OC,1
NC(=[NH2])c1ccc(c(c1)Oc1c(c(c(c(n1)Oc1cc(ccc1)c1n(ccn1)C)F)Oc1ccc(cc1OC)C(=O)O)F)O,1
NC(=[NH2])c1cc2c(c[nH]c2cc1)CC(=O)Nc1ccc(cc1)c1c(cccc1)S(=O)(=O)NC,1
NC(=[NH2])c1cccc(c1)c1c(c(on1)N)C(=O)Nc1ccc(cc1)c1c(cccc1)S(=O)(=O)N,1
NC(=[NH2])c1cccc(c1)[C@@H]1[C@H](CN(C1)Cc1ccc(cc1)c1c(cccc1)S(=O)(=O)N)C(=O)OC,1
NC(=[NH2])c1cccc(c1)C=1CC(ON1)(COCC)C(=O)Nc1ccc(cc1)c1ccccc1S(=O)(=O)N,1
NC(=[NH2])c1cccc(c1)C=1CC(ON1)(CS(=O)(=O)CC)C(=O)Nc1ccc(cc1)c1ccccc1S(=O)(=O)N,1
NC(=[NH2])c1cccc(c1)C(=O)Nc1c(cccc1)NC(=O)c1ccc(cc1)C(C)(C)C,1
NC(=[NH2])c1cc2c(c[nH]c2cc1)CC(=O)Nc1ccc(cc1)c1c(cccc1)S(=O)(=O)NCC,1
NC(=[NH2])c1cccc(c1)C=1CC(ON1)(CC(=O)OC)C(=O)Nc1ccc(cc1)c1ccccc1S(=O)(=O)C,1
NC(=[NH2])c1cccc(c1)C=1CC(ON1)(CC(=O)OC)C(=O)Nc1ccc(cc1F)c1ccccc1S(=O)(=O)N,1
NC(=[NH2])c1cccc(c1)C=1CC(ON1)(CC(=O)OC)C(=O)Nc1ncc(cn1)c1ccccc1S(=O)(=O)N,1
NC(=[NH2])c1ccc2ccc(cc2c1)Cn1c2ccc(cc2nc1CCC)OC1CCN(CC1)C(=N)C,1
C1C(CCN(C1)C(=N)C)Oc1cc2n(c(cc2cc1)C(=O)O)Cc1cc2cc(ccc2cc1)C(=[NH2])N,1
NC(=[NH2])c1ccc2ccc(cc2c1)Cn1c2ccc(c(c2nc1CC)N(C)C)OC1CCN(CC1)C(=N)C,1
NC(=[NH2])c1cccc(c1)C=1CC(ON1)(CCOC)C(=O)Nc1ccc(cc1)c1ccccc1S(=O)(=O)N,1
NC(=[NH2])c1ccc(c(c1)/C=C/CNC(=O)c1ccc(cc1)c1cccc(c1)C(=O)N)O,1
NC(=[NH2])c1ccc(c(c1)CN1CC[C@H](C1=O)NS(=O)(=O)c1cc2nc(ccc2s1)OC)N,1
NC(=[NH2])c1cccc(c1)C=1CC(ON1)(CS(=O)(=O)CC)C(=O)Nc1ncc(cn1)c1ccccc1S(=O)(=O)N,1
NC(=[NH2])c1cccc(c1)[C@@H]1[C@H](CN(C1)Cc1ccc(cc1)c1c(cccc1)S(=O)(=O)N)C(=O)OC(C)C,1
NC(=[NH2])c1ccc(c(c1)Oc1c(c(c(c(n1)Oc1cc(ccc1)C=1N(CCN1)C)F)Oc1ccc(cc1Cl)C(=O)OCC)F)O,1
NC(=[NH2])c1cccc(c1)C[C@@H](C(=O)OC)[C@@H](C)NC(=O)c1ccc(cc1)n1ccnc1,1
NC(=[NH2])c1ccc(c(c1)CN1CC[C@H](C1=O)NS(=O)(=O)c1ccc2ccc(cc2c1)OC)N,1
NC(=[NH2])c1ccc(c(c1)CN1CC[C@H](C1=O)NS(=O)(=O)c1ccc(s1)c1cccnc1)N,1
NC(=[NH2])c1ccc2ccc(cc2c1)Cn1c2ccc(cc2nc1)OC1CCN(CC1)C(=N)C,1
NC(=[NH2])c1ccc(c(c1)Oc1c(c(c(c(n1)Oc1cc(ccc1)C=1N(CCN1)C)F)Oc1c(cc(cc1C)C(=O)OCC)C)F)O,1
NC(=[NH2])c1cccc(c1)N(CC(=O)OC)CCCOc1ccc(cc1)c1c(cccc1)S(=O)(=O)N,1
NC(=[NH2])c1cccc(c1)C=1CC(ON1)(COCC)C(=O)Nc1ncc(cn1)c1ccccc1S(=O)(=O)N,1
NC(=[NH2])c1ccc(c(c1)Oc1c(c(c(c(n1)Oc1cc(ccc1)NC=1NCCN1)F)Oc1c(cc(cc1OC)C(=O)O)OC)F)O,1
NC(=[NH2])c1cc2c(c[nH]c2cc1)CC(=O)Nc1ccc(cc1)c1c(cccc1)S(=O)(=O)N(C)C,1
NC(=[NH2])c1ccc(c(c1)CCCNC(=O)c1ccc(cc1)c1cccc(c1)C(=O)N)O,1
NC(=[NH2])c1cccc(c1)Cn1c(cc2c(cccc12)O)C(=O)NCc1ccc(cc1)[N+](C)(C)C,1
NC(=[NH2])c1ccc(c(c1)CN1CC[C@H](C1=O)NS(=O)(=O)c1ccc(s1)c1ccon1)N,1
NC(=[NH2])c1cc(cs1)CN1CC[C@H](C1=O)N(C)S(=O)(=O)c1ccc2ccc(cc2c1)OC,1
NC(=[NH2])c1cccc(c1)C=1CC(ON1)C(=O)Nc1ccc(cc1)c1ccccc1S(=O)(=O)N,1
NC(=[NH2])c1cc(c(cc1)O)/C=C/CNc1cc(c(cc1)OC1CCN(CC1)C(=O)N)C(F)(F)F,1
NC(=[NH2])c1cccc(c1)N(CC(=O)OC(C)C)CCCc1ccc(cc1)c1c(cccc1)S(=O)(=O)N,1
NC(=[NH2])c1cc2c(c[nH]c2cc1)CC(=O)Nc1ccc(cc1)c1c(cccc1)S(=O)(=O)NCCC,1
NC(=[NH2])c1ccc2ccc(cc2c1)Cn1c2ccc(c(c2nc1CC)N)OC1CCN(CC1)C(=N)C,1
NC(=[NH2])c1cccc(c1)C[C@@H](C(=O)OC)[C@@H](C(C)C)NC(=O)c1ccc(cc1)c1cccc(c1)CN,1
NC(=[NH2])c1ccc(c(c1)CN1CC[C@H](C1=O)NS(=O)(=O)c1ccc2ccc(cc2c1)OC)OCC(=O)OC,1
NC(=[NH2])c1ccc(c(c1)Oc1nc(cc(c1)C(=O)O)Oc1cc(ccc1)n1c(ncc1)C)O,1
NC(=[NH2])c1cccc(c1)c1c(cccc1)C(=O)Nc1ccc(cc1)c1c(cccc1)S(=O)(=O)N,1
NC(=[NH2])c1cccc(c1)C=1CC(ON1)(Cc1ccccc1)C(=O)Nc1ccc(cc1)c1ccccc1S(=O)(=O)N,1
NC(=[NH2])c1cccc(c1)C=1CC(ON1)(CC(=O)OC)C(=O)Nc1ccc(cc1C)c1ccccc1S(=O)(=O)N,1
NC(=[NH2])c1ccc(c(c1)/C=C/CNC(=O)c1ccc(cc1)c1cccc(c1)S(=O)(=O)N)O,1
NC(=[NH2])c1cccc(c1)C(CC(=O)OC)CCc1ccc(cc1)NC(=[NH2])N,1
NC(=[NH2])c1cccc(c1)Cn1c(cc2c(cccc12)C)C(=O)NCc1cc(cc(c1)C)C,1
NC(=[NH2])c1cccc(c1)C[C@@H](C(=O)OC)[C@@H](/C=C/c1ccccc1)NC(=O)c1ccc(cc1)c1ccccc1,1
NC(=[NH2])c1cccc(c1)CN1CC[C@H](C1=O)NS(=O)(=O)c1ccc2cc(ccc2c1)OC,0
NC(=[NH2])c1cccc(c1)CN1CC[C@H](C1=O)NS(=O)(=O)c1ccc(cc1)c1cc[n+](cc1)C,0
NC(=[NH2])c1cccc(c1)C(CC(=O)OC)CCc1ccc(cc1)NS(=O)(=O)c1ccccc1,0
NC(=[NH2])c1cccc(c1)CN1CC[C@H](C1=O)NS(=O)(=O)c1ccc(cc1)Cc1ccccc1,0
NC(=[NH2])c1cccc(c1)Cn1c(cc2c(cccc12)O)C(=O)NCC1CCCCC1,0
NC(=[NH2])c1cccc(c1)Cn1c(cc2c(cccc12)O)C(=O)NCc1ccccc1Cl,0
NC(=[NH2])c1ccc(c(c1)Oc1nc(c(c(c1F)C)F)Oc1cc(ccc1)N(C)C)C,0
NC(=[NH2])c1cccc(c1)Cn1c(cc2ccccc12)C(=O)NCCc1cc[n+](cc1)C,0
NC(=[NH2])c1cccc(c1)Oc1nc(c(c(c1F)C)F)Oc1cc(ccc1)CCC(=O)N(C)C,0
NC(=[NH2])c1cccc(c1)Oc1nc(c(c(c1F)C)F)Oc1cc(ccc1)CO,0
NC(=[NH2])c1cccc(c1)Cn1c(cc2c(cccc12)C)C(=O)NCc1ccc(cc1)N(C)C,0
NC(=[NH2])c1cccc(c1)Oc1nc(c(c(c1F)C)F)Oc1cc(ccc1)OC,0
NC(=[NH2])c1cccc(c1)Cn1c(cc2c(cccc12)O)C(=O)NCc1ccc(cc1)OC,0
NC(=[NH2])c1cccc(c1)Oc1nc(c(c(c1F)C)F)Oc1cc(c(cc1)OC)C(=O)N(C)C,0
NC(=[NH2])c1cccc(c1)Cn1c(cc2c(cccc12)C)C(=O)NCc1ccc(cc1)O,0
NC(=[NH2])c1cccc(c1)Cn1c(cc2c(cccc12)O)C(=O)NCCc1ccc(cc1)Br,0
NC(=[NH2])c1cccc(c1)C[C@@H](C(=O)N1CCN(CC1)C(=O)OCC)NS(=O)(=O)c1c(cc(cc1C(C)C)C(C)C)C(C)C,0
NC(=[NH2])c1cccc(c1)Oc1nc(c(c(c1F)C)F)Oc1cc(ccc1)Cl,0
NC(=[NH2])c1cccc(c1)Cn1c(cc2c(cccc12)O)C(=O)NCc1ccc2ccccc2c1,0
NC(=[NH2])c1cccc(c1)Oc1nc(c(c(c1F)C)F)Oc1cc(ccc1)Nc1ccccc1,0
NC(=[NH2])c1cccc(c1)Oc1nc(c(c(c1F)C)F)Oc1cc(ccc1)OC(F)(F)F,0
NC(=[NH2])c1cccc(c1)Cn1cc(c2ccccc12)C(=O)NCc1ccc(cc1)[N+](C)(C)C,0
NC(=[NH2])c1cccc(c1)Oc1nc(c(c(c1F)C)F)Oc1cc(c(cc1)O)C(=O)N(C)C,0
NC(=[NH2])c1cccc(c1)Cn1c(cc2c(cccc12)O)C(=O)NCc1c2ccc3cccc4ccc(cc1)c2c34,0
NC(=[NH2])c1cc2nc([nH]c2cc1)c1cccc(c1O)c1ccccc1,0
NC(=[NH2])c1cccc(c1)Oc1nc(c(c(c1F)C)F)Oc1cc(ccc1)C(=O)C(C)C,0
NC(=[NH2])c1cccc(c1)Cn1cc(c2ccccc12)C(=O)NCc1ccc(cc1)N(C)C,0
NC(=[NH2])c1cccc(c1)Oc1nc(c(c(c1F)C)F)Oc1cc(ccc1)C(O)C(=O)N(C)C,0
NC(=[NH2])c1cccc(c1)C(=O)N[C@H](CCSC)C(=O)NCC1CCC(CC1)CN,0
NC(=[NH2])c1cccc(c1)Oc1nc(c(c(c1F)C)F)Oc1cc(ccc1)C(=O)N(C)Cc1ccccc1,0
NC(=[NH2])c1cccc(c1)Oc1nc(c(c(c1F)C)F)Oc1c(c(ccc1)C(=O)N(C)C)OC,0
NC(=[NH2])c1cccc(c1)Oc1nc(c(c(c1F)C)F)Oc1cc(ccc1C(=O)O)N(C)C,0
NC(=[NH2])c1cccc(c1)CC(C(=O)N1CC(CCC1)C(=O)NCc1ccccc1)NS(=O)(=O)c1c(cc(cc1C(C)C)C(C)C)C(C)C,0
NC(=[NH2])c1cccc(c1)N1C(N(CCCC1)C1CCN(CC1)C(=[NH2])N)=O,0
NC(=[NH2])c1cc2cc([nH]c2cc1)c1ccccc1O,0
NC(=[NH2])c1cccc(c1)CC(C(=O)N1CCN(CC1)C(=O)OCc1ccccc1)NS(=O)(=O)c1c(cc(cc1C(C)C)C(C)C)C(C)C,0
NC(=[NH2])c1cccc(c1)OCCNC(=O)c1ccccc1,0
NC(=[NH2])c1cccc(c1)C(CC(=O)OCC)CCc1ccccc1,0
NC(=[NH2])c1cccc(c1)Oc1nc(c(c(c1F)C)F)Oc1cc(ccc1)F,0
NC(=[NH2])c1cccc(c1)Oc1nc(c(c(c1F)C)F)Oc1cc(ccc1)N,0
NC(=[NH2])c1cccc(c1)Cn1c(cc2c(cccc12)O)C(=O)NCc1ccccn1,0
NC(=[NH2])c1cccc(c1)Cn1c(cc2cc(ccc12)OCc1ccccc1)C(=O)N[C@H](c1ccccc1)C,0
NC(=[NH2])c1cccc(c1)Cn1c(cc2ccccc12)C(=O)N[C@H](C(=O)N)Cc1c[n+](ccc1)C,0
NC(=[NH2])c1cccc(c1)Cn1c(cc2ccccc12)C(=O)OCC,0
NC(=[NH2])c1cccc(c1)Oc1nc(c(c(c1F)C)F)Oc1c(c(ccc1)C(=O)N(C)C)O,0
NC(=[NH2])c1cccc(c1)NC(=O)NC1CCN(CC1)Cc1ccccc1,0
NC(=[NH2])c1cccc(c1)C(CC(=O)OC)CCc1ccc(cc1)N,0
NC(=[NH2])c1cccc(c1)Oc1nc(c(c(c1F)C)F)Oc1cc(ccc1C)C(=O)N(C)C,0
NC(=[NH2])c1cccc(c1)Oc1nc(c(c(c1F)C)F)Oc1cc(ccc1)CC(=O)O,0
NC(=[NH2])c1cccc(c1)Oc1nc(c(c(c1F)C)F)Oc1cc(ccc1)C(=O)N1CCN(CC1)C,0
NC(=[NH2])c1cccc(c1)Oc1nc(c(c(c1F)C)F)Oc1cc(ccc1C(=O)OCC)N(C)C,0
NC(=[NH2])c1cccc(c1)Oc1nc(c(c(c1F)C)F)Oc1cc(ccc1)C(=O)O,0
NC(=[NH2])c1cccc(c1)Oc1nc(c(c(c1F)C)F)Oc1cc(ccc1OC)C(=O)N(C)C,0
NC(=[NH2])c1cccc(c1)Oc1nc(c(c(c1F)C)F)Oc1cc(cc(c1OC)OC)C(=O)N(C)C,0
NC(=[NH2])c1cccc(c1)Oc1nc(c(c(c1F)C)F)Oc1cc(cc(c1)O)C(=O)N(C)C,0
NC(=[NH2])c1cccc(c1)Oc1nc(c(c(c1F)C)F)Oc1cc(ccc1O)C(=O)N(C)C,0
NC(=[NH2])c1cccc(c1)Oc1nc(c(c(c1F)C)F)Oc1cc(cc(c1O)O)C(=O)N(C)C,0
NC(=[NH2])c1cccc(c1)Oc1nc(c(c(c1F)C)F)Oc1cc(ccc1)O,0
NC(=[NH2])c1cccc(c1)Oc1nc(c(c(c1F)C)F)Oc1ccccc1,0
NC(=[NH2])c1cc(cc(c1O)Oc1nc(c(c(c1F)C)F)Oc1cc(ccc1)C(=O)N(C)C)OC,0
NC(=[NH2])c1cccc(c1O)Oc1nc(c(c(c1F)C)F)Oc1cc(ccc1)C(=O)N(C)C,0
NC(=[NH2])c1cccc(c1)Oc1nc(c(c(c1F)C)F)Oc1cc(ccc1)C(=O)OCC,0
NC(=[NH2])c1ccc(c(c1)Oc1nc(c(c(c1F)C)F)Oc1cc(ccc1)N(C)C)NS(=O)(=O)C,0
NC(=[NH2])c1cccc(c1)Cn1c(cc2ccccc12)C(=O)N,0
NC(=[NH2])c1cc2nc([nH]c2cc1)c1cc(ccc1O)Br,0
NC(=[NH2])c1cccc(c1)Oc1nc(c(c(c1F)C)F)Oc1cc(ccc1)NC(=O)C,0
NC(=[NH2])c1cc2nc([nH]c2cc1)c1cc(ccc1O)F,0
NC(=[NH2])c1cccc(c1)Cn1c(cc2ccccc12)C(=O)NCc1ccccc1,0
NC(=[NH2])c1cccc(c1)CN1CCCC[C@H](C1=O)NS(=O)(=O)c1ccc2ccccc2c1,0
NC(=[NH2])c1cccc(c1)Cn1c(cc2ccccc12)C(=O)NC(c1ccncc1)c1ccccc1,0
NC(=[NH2])c1cccc(c1)Cn1c(cc2c(cccc12)O)C(=O)NS(=O)(=O)c1ccccc1,0
NC(=[NH2])c1ccc(cc1)CC(C(=O)OCC)NC(=O)CNS(=O)(=O)c1ccc(cc1)C(=S)N,0
NC(=[NH2])c1ccc(cc1)N1C(N(CCCC1)C1CCN(CC1)Cc1ccccc1)=O,0
NC(=[NH2])c1cccc(c1)N1CCCCN(C1=O)C1CCN(CC1)C(=O)c1ccccc1,0
NC(=[NH2])c1ccc(cc1)CC(C(=O)N1CCCCC1)NC(=O)CNS(=O)(=O)c1cc2ccccc2cc1,0
NC(=[NH2])c1cccc(c1)Cn1c(cc2c(cccc12)C)C(=O)N,0
NC(=[NH2])c1cccc(c1)Cn1c(c(c2ccccc12)C)C(=O)OC,0
NC(=[NH2])c1cc2nc([nH]c2cc1)c1cc(ccc1O)OC,0
NC(=[NH2])c1cc2nc([nH]c2cc1)c1ccc(cc1O)C,0
NC(=[NH2])c1cccc(c1)CN1C(C[C@H](C1)NS(=O)(=O)c1ccc2ccccc2c1)=O,0
NC(=[NH2])c1cc2nc([nH]c2cc1)c1ccc2c(c1O)cccc2,0
NC(=[NH2])c1cccc(c1)CN1C[C@H](C1=O)NS(=O)(=O)c1ccc2ccccc2c1,0
NC(=[NH2])c1cc2nc([nH]c2cc1)c1cccc(c1O)C,0
NC(=[NH2])c1cccc(c1)Cn1c(cc2c(cccc12)C)C(=O)NCc1cccc(c1)[N+](=O)[O-],0
NC(=[NH2])c1cccc(c1)Cn1c(cc2cc(ccc12)O)C(=O)O,0
NC(=[NH2])c1cc2nc([nH]c2cc1)c1ccccc1O,0
NC(=[NH2])c1cccc(c1)Cn1c(cc2c(cccc12)C)C(=O)NCOc1ccncc1,0
NC(=[NH2])c1cccc(c1)CC(C(=O)N1CCCCC1)NS(=O)(=O)c1ccc(cc1)C,0
NC(=[NH2])c1cc2nc([nH]c2cc1)c1cccc(c1O)OC,0
NC(=[NH2])c1cc2cc([nH]c2cc1)c1cccc(c1OC)c1ccccc1,0
NC(=[NH2])c1cc2nc([nH]c2cc1)c1ccc(cc1O)N(CC)CC,0
NC(=[NH2])c1cccc(c1)C(=O)N[C@H](Cc1ccccc1)C(=O)NCC1CCC(CC1)CN,0
NC(=[NH2])c1ccc(cc1)/C=C\1C(C(/CCCC1)=C\c1ccc(cc1)C(=[NH2])NC)=O,0
NC(=[NH2])c1cc2cc([nH]c2cc1)c1cccc(c1)c1ccccc1,0
NC(=[NH2])c1cc2nc([nH]c2cc1)c1ccccc1,0
NC(=[NH2])c1ccccc1,0
NC(=[NH2])c1cccc(c1)n1c(cc(n1)C(F)(F)F)C(=O)Nc1ccc(cc1F)c1c(cccc1)S(=O)(=O)N,1
NC(=[NH2])c1cccc(c1)n1c(cc(n1)C(F)(F)F)C(=O)Nc1ccc(cn1)c1c(cccc1)S(=O)(=O)N,1
NC(=[NH2])c1cccc(c1)n1c(cc(n1)C)C(=O)Nc1ccc(cc1)c1c(cccc1)S(=O)(=O)N,1
NC(=[NH2])c1cccc(c1)n1c(cnn1)C(=O)Nc1ccc(cc1)c1c(cccc1)S(=O)(=O)N,1
NC(=[NH2])c1ccc2ccc(cc2c1)Cn1c2cc(ccc2nc1C(C)(C)C)OC1CCN(CC1)C(=N)C,1
NC(=[NH2])c1cc(c(cc1)O)/C=C/CN(C(=O)CCC(=O)OCC)c1cc(c(cc1)OC1CCN(CC1)C(=N)C)C(F)(F)F,1
NC(=[NH2])c1ccc2ccc(cc2c1)Cn1c2ccc(c(c2nc1CC)[N+](=O)[O-])OC1CCN(CC1)C(=N)C,1
NC(=[NH2])c1ccc(c(c1)Oc1c(c(c(c(n1)Oc1cc(ccc1)C=1N(CCN1)C)F)Oc1ccc(cc1O)C(=O)O)F)O,1
NC(=[NH2])c1ccc(c(c1)Oc1c(c(c(c(n1)Oc1cc(ccc1)NC(=[NH2])N)F)Oc1ccc(cc1OC)C(=O)O)F)O,1
NC(=[NH2])c1cccc(c1)c1c(con1)C(=O)Nc1ccc(cc1)c1c(cccc1)S(=O)(=O)N,1
NC(=[NH2])c1cccc(c1)C=1CC(ON1)(Cn1nnnc1)C(=O)Nc1ccc(cn1)c1ccccc1S(=O)(=O)N,1
NC(=[NH2])c1ccc(c(c1)Oc1c(c(c(c(n1)Oc1cc(ccc1)C=1N(CCN1)C)F)Oc1cc(ccc1OC)C(=O)O)F)O,1
NC(=[NH2])c1ccc(c(c1)Oc1c(c(c(c(n1)Oc1cc(ccc1)C=1N(CCN1)C)F)Oc1c(cc(cc1OC)C(=O)O)OC)F)O,1
NC(=[NH2])c1ccc2ccc(cc2c1)Cn1c2ccc(c(c2nc1C(C)C)[N+](=O)[O-])OC1CCN(CC1)C(=N)C,1
NC(=[NH2])c1ccc(c(c1)Oc1c(c(c(c(n1)Oc1cc(ccc1)C=1N(CCN1)C)F)Oc1cc(cc(c1)C(=O)N)C(=O)O)F)O,1
NC(=[NH2])c1cc(c(cc1)O)/C=C/CN(C(=O)CCC(=O)O)c1cc(c(cc1)OC1CCN(CC1)C)C(F)(F)F,1
NC(=[NH2])c1cccc(c1)n1c(cc(c1)Br)C(=O)Nc1ccc(cc1)c1c(cccc1)S(=O)(=O)N,1
NC(=[NH2])c1ccc2ccc(cc2c1)Cn1c2cc(ccc2nc1C)N(CC(=O)OC)C1CCN(CC1)C(=N)C,1
NC(=[NH2])c1ccc2ccc(cc2c1)Cn1c2ccc(c(c2nc1C)[N+](=O)[O-])OC1CCN(CC1)C(=N)C,1
NC(=[NH2])c1ccc(c(c1)Oc1c(c(c(c(n1)Oc1cc(ccc1)C=1N(CCN1)C)F)Oc1ccc(cc1Cl)C(=O)O)F)O,1
NC(=[NH2])c1ccc(c(c1)Oc1c(c(c(c(n1)Oc1cc(ccc1)C=1N(CCN1)C)F)Oc1cc(ccc1OC)c1nnn[nH]1)F)O,1
NC(=[NH2])c1cccc(c1)c1c(oc(n1)C)C(=O)Nc1ccc(cc1)c1c(cccc1)S(=O)(=O)N,1
NC(=[NH2])c1ccc(c(c1)Oc1nc(c(c(c1F)N(C)CC(=O)O)F)Oc1cccc(c1)C(=O)N(C)C)O,1
NC(=[NH2])c1cccc(c1)c1cccc(c1)Cn1c2ccc(cc2nc1CC)OC1CCN(CC1)C(=N)C,1
NC(=[NH2])c1cccc(c1)N(CC(=O)OC)CCOc1ccc(cc1)c1c(cccc1)S(=O)(=O)N,1
NC(=[NH2])c1ccc(c(c1)C[C@@H](C(=O)OC)[C@@H](C)NC(=O)c1ccc(cc1)c1cccc(c1)C(=O)N)O,1
NC(=[NH2])c1ccc(c(c1)Oc1c(c(c(c(n1)Oc1cc(ccc1)C=1N(CCN1)C)F)Oc1ccc(cc1OC)CC(=O)OCC)F)O,1
NC(=[NH2])c1cc2C(CNc2cc1)CC(=O)Nc1ccc(cc1)c1c(cccc1)S(=O)(=O)N,1
NC(=[NH2])c1cccc(c1)c1c(scn1)C(=O)Nc1ccc(cc1)c1c(cccc1)S(=O)(=O)N,1
NC(=[NH2])c1cccc(c1)C[C@@H](C(=O)OC)[C@@H](C)NC(=O)c1ccc(cc1)c1ccccn1,1
NC(=[NH2])c1ccc(c(c1)Oc1c(c(c(c(n1)Oc1cc(ccc1)C=1N(CCN1)C)F)Oc1c(cc(cc1OC)C(=O)OC)OC)F)O,1
NC(=[NH2])c1ccc(c(c1)Oc1c(c(c(c(n1)Oc1cc(ccc1)C=1N(CCN1)C)F)Oc1cccc(c1)C=CC(=O)N)F)O,1
NC(=[NH2])c1cccc(c1)n1c(cnc1)C(=O)Nc1ccc(cc1)c1c(cccc1)S(=O)(=O)N,1
NC(=[NH2])c1ccc(c(c1)Oc1c(c(c(c(n1)Oc1cc(ccc1)N(C)C)F)Oc1ccc(cc1OC)C(=O)O)F)O,1
NC(=[NH2])c1cccc(c1)n1c(cc(n1)C)C(=O)Nc1ccc(cc1)c1ccccc1,1
NC(=[NH2])c1cccc(c1)C=1CC(ON1)(Cn1cncn1)C(=O)Nc1ccc(cc1)c1ccccc1S(=O)(=O)N,1
NC(=[NH2])c1cccc(c1)C=1CC(ON1)(CSCC)C(=O)Nc1ccc(cn1)c1ccccc1S(=O)(=O)N,1
NC(=[NH2])c1cccc(c1)C=1CC(ON1)(CSCC)C(=O)Nc1ncc(cn1)c1ccccc1S(=O)(=O)N,1
NC(=[NH2])c1cccc(c1)C=1CC(ON1)(COCC)C(=O)Nc1ccc(cn1)c1ccccc1S(=O)(=O)N,1
NC(=[NH2])c1cccc(c1)C[C@@H](C(=O)OC)[C@@H](C)NC(=O)c1ccc(cc1)c1nc[nH]c1,1
NC(=[NH2])c1ccc(c(c1)CN1CC[C@H](C1=O)NS(=O)(=O)c1cc2nc(ccc2s1)Cl)N,1
NC(=[NH2])c1cc(c(cc1)O)/C=C/CN(C(=O)CCC(=O)O)c1cc(c(cc1)OC1CCN(CC1)C(=O)C)C(F)(F)F,1
NC(=[NH2])c1ccc(c(c1)Oc1nc(cc(c1)C(=O)O)Oc1cc(ccc1)C(=O)N(C)C)O,1
NC(=[NH2])c1cccc(c1)C=1CC(ON1)(COC)C(=O)Nc1ccc(cc1)c1ccccc1S(=O)(=O)N,1
C1C(CCN(C1)C(=N)C)Oc1cc2n(c(cc2cc1)C(=O)N(C)C)Cc1cc2cc(ccc2cc1)C(=[NH2])N,1
NC(=[NH2])c1ccc(c(c1)Oc1c(c(c(c(n1)Oc1cc(ccc1)C=1N(CCN1)C)F)Oc1c(cc(cc1OC)C=CC(=O)OCC)OC)F)O,1
NC(=[NH2])c1ccc(c(c1)Oc1c(c(c(c(n1)Oc1cc(ccc1)CN(C)C)F)Oc1ccc(cc1OC)C(=O)O)F)O,1
C1C(CCNC1)Oc1cc2n(c3c(c2cc1)cccc3)Cc1cc2cc(ccc2cc1)C(=[NH2])N,1
NC(=[NH2])c1cccc(c1)C[C@@H](C(=O)OC)[C@@H](CC1CCCCC1)NC(=O)c1ccc(cc1)c1cccc(c1)CN,1
NC(=[NH2])c1ccc(c(c1)CN1CC[C@H](C1=O)N(C)S(=O)(=O)c1ccc2ccc(cc2c1)OC)N,1
NC(=[NH2])c1cccc(c1)C=1CC(ON1)(C)C(=O)Nc1ccc(cn1)c1ccccc1S(=O)(=O)N,1
NC(=[NH2])c1cc(ccc1)/C=C/CNc1cc(c(cc1)OC1CCN(CC1)C(=N)C)F,1
NC(=[NH2])c1cccc(c1)C=1CC(ON1)(COC(C)C)C(=O)Nc1ccc(cc1)c1ccccc1S(=O)(=O)N,1
NC(=[NH2])c1cccc(c1)C(=O)Nc1c(cc(cc1)O)NC(=O)c1ccc(cc1)C(C)C,1
CN(C)C(=O)COc1cc2n(c3c(c2cc1)cccc3)Cc1cc2cc(ccc2cc1)C(=[NH2])N,1
NC(=[NH2])c1cccc(c1)C[C@@H](C(=O)OC)[C@@H](C)NC(=O)c1ccc(cc1)c1ccccc1,1
NC(=[NH2])c1cccc(c1)Cn1c(cc2c(cccc12)O)C(=O)NCc1cc(cc(c1)Cl)Cl,1
NC(=[NH2])c1cccc(c1)C(=O)Nc1c(cccc1)NC(=O)c1ccc(cc1)C(C)C,1
NC(=[NH2])c1cccc(c1)c1c(nc([nH]1)C)C(=O)Nc1ccc(cc1)c1c(cccc1)S(=O)(=O)N,1
NC(=[NH2])c1cccc(c1)C(=O)Nc1c(cc(cc1)OCC(=O)OCC)NC(=O)c1ccc(cc1)C(C)C,1
NC(=[NH2])c1cccc(c1)C=1CC(ON1)(CC(=O)OC)C(=O)Nc1ccc(cc1)c1c(cccc1)S(=O)(=O)N,1
NC(=[NH2])c1ccc(c(c1)Oc1c(c(c(c(n1)Oc1cc(ccc1)NC=1N(CCN1)C)F)Oc1c(cc(cc1OC)C(=O)O)OC)F)O,1
NC(=[NH2])c1cc(ccc1)/C=C/CNc1cc(c(cc1)OC1CCN(CC1)C(=N)C)C(=O)OCC,1
NC(=[NH2])c1cc(ccc1)/C=C/CNc1ccc(cc1)OC1CCN(CC1)C(=N)C,1
NC(=[NH2])c1ccc(c(c1)Oc1nc(cc(c1)C(=O)O)Oc1cc(ccc1)c1n(cc(n1)C)C)O,1
NC(=[NH2])c1ccc(c(c1)Oc1nc(cc(c1)C(=O)O)Oc1cc(ccc1)c1n(ccn1)C)O,1
NC(=[NH2])c1cccc(c1)c1c(c(on1)C(F)(F)F)C(=O)Nc1ccc(cc1)c1c(cccc1)S(=O)(=O)N,1
NC(=[NH2])c1cccc(c1)C=1CC(ON1)(COC)C(=O)Nc1ncc(cn1)c1ccccc1S(=O)(=O)N,1
NC(=[NH2])c1cccc(c1)CCCNC(=O)c1ccc(cc1)c1ccccc1,0
NC(=[NH2])c1cccc(c1)C[C@@H](C(=O)OC)[C@@H](C)NC(=O)c1ccc(cc1)c1cccc(c1)CNC(=O)OCC,0
NC(=[NH2])c1cc(cc(c1)CN1CC[C@H](C1=O)NS(=O)(=O)c1ccc2ccc(cc2c1)OC)N,0
NC(=[NH2])c1cccc(c1)Oc1nc(c(c(c1F)C)F)Oc1cc(ccc1)C(=O)NC,0
NC(=[NH2])c1cc2nc([nH]c2cc1)c1cccc(c1O)[N+](=O)[O-],0
NC(=[NH2])c1cccc(c1)CN1CCC[C@H](C1=O)NS(=O)(=O)c1ccc2ccccc2c1,0
NC(=[NH2])c1ccc(c(c1)CN1CC[C@H](C1=O)NS(=O)(=O)c1ccc2ccc(cc2c1)OC)OCC(=O)O,0
NC(=[NH2])c1cccc(c1)Cn1c(cc2ccccc12)C(=O)N[C@H](C1CC[N+](CC1)(C)C)c1ccc2cc(ccc2c1)Cl,0
NC(=[NH2])c1cccc(c1)Oc1nc(c(c(c1F)C)F)Oc1cc(ccc1)CN,0
NC(=[NH2])c1cccc(c1)Oc1nc(c(c(c1F)C)F)Oc1cc(ccc1)C(=O)C,0
NC(=[NH2])c1cccc(c1)Oc1nc(c(c(c1F)C)F)Oc1cc(ccc1)C(=O)N1CCOCC1,0
NC(=[NH2])c1ccc(c(c1)Oc1nc(c(c(c1F)C)F)Oc1cc(ccc1)N(C)C)OC,0
NC(=[NH2])c1cccc(c1)Cn1c(cc2c(cccc12)O)C(=O)NCCc1ccc(cc1)Cl,0
NC(=[NH2])c1cccc(c1)Oc1nc(c(c(c1F)C)F)Oc1cc(ccc1)C(F)(F)F,0
NC(=[NH2])c1cccc(c1)Cn1c(cc2ccc(cc12)OC)C(=O)NCc1ccc(cc1)[N+](C)(C)C,0
NC(=[NH2])c1cccc(c1)Cn1c(cc2c(cccc12)O)C(=O)NCc1ccccc1,0
NC(=[NH2])c1cccc(c1)Cn1c(cc2c(cccc12)O)C(=O)NCc1cccc(c1)C(=O)OC,0
NC(=[NH2])c1cccc(c1)N1C(N(CC1)C1CCN(CC1)Cc1ccccc1)=O,0
NC(=[NH2])c1cccc(c1)Cn1c(cc2c(cccc12)O)C(=O)NCC(=O)Nc1ccc2ccccc2c1,0
NC(=[NH2])c1cccc(c1)Cn1c(cc2c(cccc12)O)C(=O)NCCN(C)c1c2ccccc2ccc1,0
NC(=[NH2])c1cccc(c1)Oc1nc(c(c(c1F)C)F)Oc1cc(ccc1)[N+](=O)[O-],0
NC(=[NH2])c1cccc(c1)CN1CC[C@H](C1=O)NS(=O)(=O)c1ccc(cc1)c1n(ccn1)C,0
NC(=[NH2])c1ccc2n(cnc2c1)CC(=O)c1ccc(cc1)c1ccccc1,0
NC(=[NH2])c1cc(cc(c1)Oc1nc(c(c(c1F)C)F)Oc1cc(ccc1)C(=O)N(C)C)OC,0
NC(=[NH2])c1cccc(c1)C(CC(=O)OC)CCc1ccc(cc1)C(=O)OC,0
NC(=[NH2])c1cccc(c1)Cn1c(cc2c(cccc12)O)C(=O)SC,0
NC(=[NH2])c1cccc(c1)CC(C(=O)NC)NC(=O)CNS(=O)(=O)c1cc2ccccc2cc1,0
NC(=[NH2])c1cccc(c1)Cn1c(cc2cc(ccc12)F)C(=O)NCc1ccc(cc1)N(C)C,0
NC(=[NH2])c1cccc(c1)Cn1c(cc2ccccc12)C(=O)NCc1ccc(cc1)Cl,0
NC(=[NH2])c1cc(c(cc1)NC(=O)c1ccc(cc1)OC)NC(=O)c1ccc(cc1)OC,0
NC(=[NH2])c1cccc(c1)Oc1nc(c(c(c1F)C)F)Oc1cc(ccc1)NS(=O)(=O)C,0
NC(=[NH2])c1ccc2n(cnc2c1)CC(=O)Nc1ccc(cc1)c1ccccc1,0
NC(=[NH2])c1cccc(c1)Oc1nc(c(c(c1F)C)F)Oc1cc(ccc1)NC(=O)N,0
NC(=[NH2])c1cc2nc([nH]c2cc1)c1c(cccc1O)O,0
NC(=[NH2])c1cccc(c1)Oc1nc(c(c(c1F)C)F)Oc1cc(ccc1)C(=O)Nc1ccccc1,0
NC(=[NH2])c1ccc(c(c1)Oc1nc(c(c(c1F)C)F)Oc1cc(ccc1)C(=O)N(C)C)NS(=O)(=O)C(F)(F)F,0
NC(=[NH2])c1ccc(c(c1OC)Oc1nc(c(c(c1F)C)F)Oc1cc(ccc1)N(C)C)OC,0
NC(=[NH2])c1cccc(c1)CC(C(=O)OCC)NC(=O)CNS(=O)(=O)c1ccc(cc1)C#N,0
NC(=[NH2])c1cccc(c1)Cn1c(cc2c(c(ccc12)OC)OC)C(=O)NCc1ccncc1,0
NC(=[NH2])c1cccc(c1)C(=O)N[C@H](C(C)C)C(=O)NCC1CCC(CC1)CN,0
NC(=[NH2])c1cccc(c1)Cn1c(cc2c(cccc12)OC)C(=O)NC(c1ccncc1)c1ccccc1,0
NC(=[NH2])c1cc2cc(oc2cc1)c1cccc(c1O)c1ccccc1,0
NC(=[NH2])c1cccc(c1)Cn1c(cc2c(cccc12)O)C(=O)N,0
NC(=[NH2])c1cccc(c1)Cn1c(c(c2ccccc12)C(=O)OC)C(=O)OC,0
NC(=[NH2])c1cc2nc([nH]c2cc1)c1cc(ccc1O)[N+](=O)[O-],0
NC(=[NH2])c1cccc(c1)Cn1c(cc2c(cccc12)O)C(=O)NCc1cccc(c1)C(=O)O,0
NC(=[NH2])c1cccc(c1)CN1CC[C@H](C1)NS(=O)(=O)c1ccc2ccccc2c1,0
NC(=[NH2])c1cccc(c1)C(=O)NCC(=O)NCC1CCC(CC1)CN,0
NC(=[NH2])c1cccc(c1)Cn1c(cc2cc(ccc12)F)C(=O)OC,0
NC(=[NH2])c1cccc(c1)Cn1c(cc2c(cccc12)O)C(=O)NCc1ccc(c(c1)OC)OC,0
NC(=[NH2])c1cccc(c1)C[C@@H](C(=O)N1CCC(CC1)C(=O)OCC)NS(=O)(=O)c1cc2ccccc2cc1,0
NC(=[NH2])c1cc2n(c(nc2cc1)c1cccc(c1O)c1ccccc1)C,0
NC(=[NH2])c1ccc(cc1)N,0
